81   4      16      44      23      12      1      2
82      4      9      34      20      9      1      1
83  7      10      39      24      12      1      3
84   5      12      39      22      12      1      4
85      4      14      29      10      12      1      4
86      3      8      38      25      12      1      3
87   5      10      30      15      12      1      1
88      3      10      50      35      12      1      1
89      2      8      33      20      12      1      3
90      4      9      35      21      12      1      1
91      3      16      36      15      12      1      2
92      4      12      33      16   12      1      2
93      6      20      38      13      12      1      1
94      4      12      46      29      12      1      2
95      4      16      50      29      12      1      2
96    2      16      54      33      12      1      1
97      5      12      31      14      12      1      2
98      2      18      27      4      12      1      2
99      5      12      40      23    12      1      3
100      6      18      34    11      12      1      1
